AHb: [14.15610878848888 18.69719674254099]

AHW: [14.268418178179124 18.556446509314316]

SB: [14.062232712668282 17.50138680841115]

ASB: [14.151442613746514 17.62047226503827]

ASP: [14.206177329760575 18.78142064341166]